   №|		 a| 	    b|		   x| 	   f(a)| 	  f(b)|		 f(x)| 	   |a-b||
+---+---------+----------+----------+----------+----------+----------+----------+
 000| -10,000 |   10,000 |    0,000 | -2698,824 | 4852,696 |  -59,064 |   20,000 | 
 001|   0,000 |   10,000 |    5,000 |  -59,064 | 4852,696 |  612,816 |   10,000 | 
 002|   0,000 |    5,000 |    2,500 |  -59,064 |  612,816 |   18,376 |    5,000 | 
 003|   0,000 |    2,500 |    1,250 |  -59,064 |   18,376 |  -61,532 |    2,500 | 
 004|   1,250 |    2,500 |    1,875 |  -61,532 |   18,376 |  -34,804 |    1,250 | 
 005|   1,875 |    2,500 |    2,188 |  -34,804 |   18,376 |  -11,887 |    0,625 | 
 006|   2,188 |    2,500 |    2,344 |  -11,887 |   18,376 |    2,281 |    0,313 | 
 007|   2,188 |    2,344 |    2,266 |  -11,887 |    2,281 |   -5,039 |    0,156 | 
 008|   2,266 |    2,344 |    2,305 |   -5,039 |    2,281 |   -1,439 |    0,078 | 
Count iterations: 8
Final x = 2.3046875