1) линейная функция
|№              |1              |2              |3              |4              |5              |6              |7              |8              |
|X              |1,10000        |2,30000        |3,50000        |4,70000        |5,90000        |7,10000        |8,30000        |9,50000        |
|Y              |2,30000        |5,12000        |7,74000        |8,91000        |10,59000       |12,75000       |13,43000       |13,90000       |
|F(X)           |2,20705        |4,14980        |6,09256        |8,03531        |9,97806        |11,92081       |13,86356       |15,80631       |
|E              |-0,09295       |-0,97020       |-1,64744       |-0,87469       |-0,61194       |-0,82919       |0,43356        |1,90631        |

2) полиномиальная функция 2-й степени
|№              |1              |2              |3              |4              |5              |6              |7              |8              |
|X              |1,10000        |2,30000        |3,50000        |4,70000        |5,90000        |7,10000        |8,30000        |9,50000        |
|Y              |2,30000        |5,12000        |7,74000        |8,91000        |10,59000       |12,75000       |13,43000       |13,90000       |
|F(X)           |-5,32196       |-3,23108       |-0,64929       |2,42341        |5,98700        |10,04151       |14,58692       |19,62324       |
|E              |-7,62196       |-8,35108       |-8,38929       |-6,48659       |-4,60300       |-2,70849       |1,15692        |5,72324        |

3) полиномиальная функция 3-й степени
|№              |1              |2              |3              |4              |5              |6              |7              |8              |
|X              |1,10000        |2,30000        |3,50000        |4,70000        |5,90000        |7,10000        |8,30000        |9,50000        |
|Y              |2,30000        |5,12000        |7,74000        |8,91000        |10,59000       |12,75000       |13,43000       |13,90000       |
|F(X)           |-11,81709      |-10,20366      |-7,82417       |-4,48964       |-0,01110       |5,80042        |13,13390       |22,17831       |
|E              |-14,11709      |-15,32366      |-15,56417      |-13,39964      |-10,60110      |-6,94958       |-0,29610       |8,27831        |

4) экспоненциальная функция
|№              |1              |2              |3              |4              |5              |6              |7              |8              |
|X              |1,10000        |2,30000        |3,50000        |4,70000        |5,90000        |7,10000        |8,30000        |9,50000        |
|Y              |2,30000        |5,12000        |7,74000        |8,91000        |10,59000       |12,75000       |13,43000       |13,90000       |
|F(X)           |1,79241        |2,62612        |3,84760        |5,63723        |8,25928        |12,10091       |17,72940       |25,97586       |
|E              |-0,50759       |-2,49388       |-3,89240       |-3,27277       |-2,33072       |-0,64909       |4,29940        |12,07586       |

5) логарифмическая функция
|№              |1              |2              |3              |4              |5              |6              |7              |8              |
|X              |1,10000        |2,30000        |3,50000        |4,70000        |5,90000        |7,10000        |8,30000        |9,50000        |
|Y              |2,30000        |5,12000        |7,74000        |8,91000        |10,59000       |12,75000       |13,43000       |13,90000       |
|F(X)           |0,75562        |5,25683        |7,81899        |9,61800        |11,00565       |12,13548       |13,08845       |13,91251       |
|E              |-1,54438       |0,13683        |0,07899        |0,70800        |0,41565        |-0,61452       |-0,34155       |0,01251        |

6) степенная функция
|№              |1              |2              |3              |4              |5              |6              |7              |8              |
|X              |1,10000        |2,30000        |3,50000        |4,70000        |5,90000        |7,10000        |8,30000        |9,50000        |
|Y              |2,30000        |5,12000        |7,74000        |8,91000        |10,59000       |12,75000       |13,43000       |13,90000       |
|F(X)           |1,31015        |3,25728        |5,47015        |7,87198        |10,42366       |13,10093       |15,88702       |18,76960       |
|E              |-0,98985       |-1,86272       |-2,26985       |-1,03802       |-0,16634       |0,35093        |2,45702        |4,86960        |

