1) линейная функция
|№              |1              |2              |3              |4              |5              |6              |7              |8              |9              |10             |11             |
|X              |-2,00000       |-1,80000       |-1,60000       |-1,40000       |-1,20000       |-1,00000       |-0,80000       |-0,60000       |-0,40000       |-0,20000       |0,00000        |
|Y              |-0,25000       |-0,29200       |-0,32980       |-0,35500       |-0,35700       |-0,33333       |-0,28500       |-0,22100       |-0,14900       |-0,07500       |0,00000        |
|F(X)           |-0,40895       |-0,37103       |-0,33312       |-0,29520       |-0,25729       |-0,21937       |-0,18145       |-0,14354       |-0,10562       |-0,06771       |-0,02979       |
|E              |-0,15895       |-0,07903       |-0,00332       |0,05980        |0,09971        |0,11396        |0,10355        |0,07746        |0,04338        |0,00729        |-0,02979       |

2) полиномиальная функция 2-й степени
|№              |1              |2              |3              |4              |5              |6              |7              |8              |9              |10             |11             |
|X              |-2,00000       |-1,80000       |-1,60000       |-1,40000       |-1,20000       |-1,00000       |-0,80000       |-0,60000       |-0,40000       |-0,20000       |0,00000        |
|Y              |-0,25000       |-0,29200       |-0,32980       |-0,35500       |-0,35700       |-0,33333       |-0,28500       |-0,22100       |-0,14900       |-0,07500       |0,00000        |
|F(X)           |-0,47536       |-0,38277       |-0,29729       |-0,21895       |-0,14774       |-0,08365       |-0,02669       |0,02314        |0,06584        |0,10142        |0,12987        |
|E              |-0,22536       |-0,09077       |0,03251        |0,13605        |0,20926        |0,24968        |0,25831        |0,24414        |0,21484        |0,17642        |0,12987        |

3) полиномиальная функция 3-й степени
|№              |1              |2              |3              |4              |5              |6              |7              |8              |9              |10             |11             |
|X              |-2,00000       |-1,80000       |-1,60000       |-1,40000       |-1,20000       |-1,00000       |-0,80000       |-0,60000       |-0,40000       |-0,20000       |0,00000        |
|Y              |-0,25000       |-0,29200       |-0,32980       |-0,35500       |-0,35700       |-0,33333       |-0,28500       |-0,22100       |-0,14900       |-0,07500       |0,00000        |
|F(X)           |-0,51826       |-0,35461       |-0,21575       |-0,09958       |-0,00401       |0,07308        |0,13377        |0,18017        |0,21438        |0,23851        |0,25465        |
|E              |-0,26826       |-0,06261       |0,11405        |0,25542        |0,35299        |0,40641        |0,41877        |0,40117        |0,36338        |0,31351        |0,25465        |

4) экспоненциальная функция
|№              |1              |2              |3              |4              |5              |6              |7              |8              |9              |10             |11             |
|X              |-2,00000       |-1,80000       |-1,60000       |-1,40000       |-1,20000       |-1,00000       |-0,80000       |-0,60000       |-0,40000       |-0,20000       |0,00000        |
|Y              |-0,25000       |-0,29200       |-0,32980       |-0,35500       |-0,35700       |-0,33333       |-0,28500       |-0,22100       |-0,14900       |-0,07500       |0,00000        |
|F(X)           |NaN            |NaN            |NaN            |NaN            |NaN            |NaN            |NaN            |NaN            |NaN            |NaN            |NaN            |
|E              |NaN            |NaN            |NaN            |NaN            |NaN            |NaN            |NaN            |NaN            |NaN            |NaN            |NaN            |

5) логарифмическая функция
|№              |1              |2              |3              |4              |5              |6              |7              |8              |9              |10             |11             |
|X              |-2,00000       |-1,80000       |-1,60000       |-1,40000       |-1,20000       |-1,00000       |-0,80000       |-0,60000       |-0,40000       |-0,20000       |0,00000        |
|Y              |-0,25000       |-0,29200       |-0,32980       |-0,35500       |-0,35700       |-0,33333       |-0,28500       |-0,22100       |-0,14900       |-0,07500       |0,00000        |
|F(X)           |NaN            |NaN            |NaN            |NaN            |NaN            |NaN            |NaN            |NaN            |NaN            |NaN            |NaN            |
|E              |NaN            |NaN            |NaN            |NaN            |NaN            |NaN            |NaN            |NaN            |NaN            |NaN            |NaN            |

6) степенная функция
|№              |1              |2              |3              |4              |5              |6              |7              |8              |9              |10             |11             |
|X              |-2,00000       |-1,80000       |-1,60000       |-1,40000       |-1,20000       |-1,00000       |-0,80000       |-0,60000       |-0,40000       |-0,20000       |0,00000        |
|Y              |-0,25000       |-0,29200       |-0,32980       |-0,35500       |-0,35700       |-0,33333       |-0,28500       |-0,22100       |-0,14900       |-0,07500       |0,00000        |
|F(X)           |NaN            |NaN            |NaN            |NaN            |NaN            |NaN            |NaN            |NaN            |NaN            |NaN            |NaN            |
|E              |NaN            |NaN            |NaN            |NaN            |NaN            |NaN            |NaN            |NaN            |NaN            |NaN            |NaN            |

