Вторая строка: epsilon, N, M через пробел, следующие строки - матрица через пробел. Float вводить через точку.
0.01 10 40
12.2 123.2 12.3 44.2 0 21 12 1 1 228 9
12 0 212.2 123 92 123 0.23 223 1 99 12
99 123 1.2 1239 123 22 12 92.2 11 23 200
112 223 2387 129 2.3 12 43 47 73 9.2 10.3
123.2 325 34 12 23 1 1 1 2.92 11 11.2
11 12 11 23 23 222.2 12.2 99.2 43 1.0 11
12 32 12 11 32 5.3 0.0 123.4 123.5 11 2.54
524 341 12 43 594.3 12 43 99 234 43.3 33.3
11 12 1 1 1 1 1 2 3 9 11
228 337 1488 98 22.8 14.88 228.337 13 666 11.1 0
